2
4
6
7
9
11
13
15
17
19
21
23
25
27
29
31
33
35
37
39
40
42
44
44
45
46
47
48
50
52
54
55
57
59
61
63
65
67
69
71
73
75
77
79
81
83
85
87
89
91
92
94
96
98
100
102
104
106
108
110
112
114
116
118
120
122
124
126
128
130
132
134
136
138
140
142
144
146
148
150
152
154
156
158
160
162
164
166
168
170
172
174
176
178
180
182
184
186
187
189
191
193
195
197
199
201
203
205
207
209
211
213
215
217
219
221
223
225
227
229
231
233
235
237
239
241
243
245
246
248
250
251
252
253
254
255
257
258
260
262
264
266
268
270
272
274
276
278
280
282
284
286
288
290
292
294
296
298
300
302
304
306
308
310
312
314
316
318
320
322
324
326
328
330
332
334
336
337
338
339
340
341
342
343
344
345
346
347
348
349
350
351
353
355
357
359
361
362
364
366
368
370
372
374
376
378
380
382
384
386
388
390
392
393
394
395
396
397
398
399
400
401
402
404
406
408
410
412
414
416
418
420
422
424
426
428
430
432
434
436
438
440
442
444
446
448
450
452
454
456
458
460
462
464
466
468
470
472
474
476
478
480
482
484
486
488
490
492
494
496
497
498
499
500
501
502
503
504
505
506
507
508
508
508
508
508
508
508
508
508
508
508
509
510
511
512
513
514
515
516
517
517
517
517
518
519
521
523
525
527
529
531
533
535
537
539
541
543
545
547
549
551
553
555
557
559
561
563
565
567
569
570
571
571
571
571
571
571
571
571
571
571
571
571
572
573
575
577
579
581
583
585
587
589
591
593
595
597
599
601
603
605
607
609
611
613
615
617
619
621
623
625
627
629
631
632
633
634
635
637
639
641
643
645
647
649
651
653
655
657
659
661
663
665
667
669
671
673
675
677
679
681
683
685
687
689
691
693
695
697
699
701
703
705
707
708
709
710
711
712
713
714
715
716
717
718
719
720
721
722
723
724
725
726
727
728
729
730
731
732
734
736
738
740
742
744
746
748
750
752
754
756
758
760
762
764
766
768
770
772
774
776
778
780
782
784
786
788
790
791
792
793
794
795
796
797
798
799
800
801
802
803
804
804
804
804
804
804
804
804
804
804
804
804
805
806
807
808
809
810
811
812
813
814
815
816
817
818
819
821
823
825
827
828
829
830
831
832
833
834
835
836
838
840
842
844
846
848
850
852
854
856
858
860
862
864
866
868
870
872
874
876
878
880
882
884
886
888
890
892
894
896
898
900
902
904
906
908
910
911
912
913
914
915
916
917
918
919
920
921
922
923
924
926
927
928
929
930
932
934
936
938
940
942
944
946
948
950
952
954
956
958
959
961
963
965
966
968
970
972
974
976
978
980
982
984
986
988
990
992
994
996
998
1000
1002
1004
1006
1008
1010
1012
1014
1016
1018
1020
1022
1024
1026
1028
1030
1032
1034
1035
1036
1036
1036
1036
1036
1036
1036
1036
1036
1036
1036
1036
1036
1036
1036
1036
1036
1036
1036
1036
1036
1036
1036
1037
1038
1039
1040
1041
1042
1043
1045
1047
1049
1051
1053
1055
1057
1059
1061
1063
1065
1067
1069
1070
1071
1072
1073
1074
1075
1076
1077
1079
1081
1083
1085
1086
1087
1088
1090
1092
1094
1096
1098
1100
1102
1104
1106
1108
1110
1112
1114
1116
1118
1120
1122
1124
1126
1128
1130
1132
1134
1136
1138
1140
1142
1144
1146
1148
1150
1152
1154
1156
1158
1160
1162
1164
1166
1168
1170
1172
1174
1176
1178
1180
1182
1184
1186
1188
1190
1192
1194
1196
1198
1200
1202
1204
1205
1206
1207
1208
1209
1210
1211
1212
1213
1214
1215
1216
1218
1220
1222
1224
1226
1228
1230
1232
1234
1236
1238
1240
1242
1244
1246
1248
1250
1252
1254
1256
1258
1260
1262
1264
1266
1268
1270
1272
1274
1276
1278
1280
1282
1284
1286
1288
1290
1292
1294
1296
1298
1300
1302
1304
1306
1308
1310
1312
1314
1316
1318
1320
1322
1324
1326
1328
1330
1332
1334
1336
1337
1338
1339
1340
1341
1342
1343
1344
1345
1346
1347
1348
1349
1350
1351
1351
1351
1352
1353
1354
1355
1356
1357
1358
1359
1360
1361
1362
1363
1365
1367
1369
1371
1373
1375
1377
1379
1381
1383
1385
1387
1389
1391
1393
1395
1397
1399
1401
1403
1405
1407
1409
1411
1413
1415
1417
1419
1421
1423
1425
1427
1429
1431
1433
1435
1437
1439
1441
1443
1445
1447
1449
1451
1453
1455
1457
1459
1461
1463
1465
1467
1469
1471
1473
1475
1477
1479
1481
1483
1485
1487
1489
1491
1492
1493
1494
1495
1496
1497
1498
1499
1500
1501
1503
1505
1507
1509
1511
1513
1515
1517
1519
1521
1523
1525
1527
1529
1531
1533
1535
1537
1539
1541
1543
1545
1547
1549
1551
1553
1555
1557
1559
1561
1563
1565
1567
1569
1571
1573
1575
1577
1579
1581
1583
1585
1587
1589
1591
1593
1595
1597
1599
1601
1603
1605
1607
1609
1611
1613
1615
1617
1619
1621
1623
1625
1627
1629
1631
1633
1635
1637
1639
1641
1643
1645
1647
1649
1651
1652
1653
1654
1655
1656
1657
1658
1659
1660
1661
1662
1663
1664
1665
1667
1669
1671
1673
1675
1677
1679
1681
1683
1685
1687
1689
1691
1693
1695
1697
1699
1701
1703
1705
1707
1709
1711
1713
1715
1717
1719
1721
1723
1725
1727
1729
1731
1733
1735
1737
1739
1741
1743
1745
1747
1749
1751
1753
1755
1757
1759
1761
1763
1765
1767
1769
1771
1773
1775
1777
1779
1781
1783
1785
1787
1789
1791
1792
1793
1794
1795
1796
1797
1798
1799
1800
1801
1802
1803
1804
1805
1806
1807
1808
1809
1810
1811
1812
1813
1814
1815
1816
1817
1818
1819
1820
1821
1822
1823
1824
1825
1826
1827
1828
1829
1830
1831
1833
1835
1836
1838
1840
1842
1844
1846
1848
1850
1852
1854
1856
1858
1860
1862
1864
1866
1868
1870
1872
1874
1876
1878
1880
1882
1884
1886
1888
1890
1892
1894
1896
1898
1900
1902
1904
1906
1908
1910
1912
1914
1916
1918
1920
1922
1924
1926
1928
1930
1932
1934
1936
1938
1940
1942
1944
1946
1947
1948
1949
1950
1951
1952
1953
1953
1953
1953
1953
1953
1953
1953
1953
1953
1953
1953
1953
1953
1953
1953
1953
1953
1953
1953
1953
1953
1953
1953
1953
1953
1953
1953
1953
1953
1953
1953
1953
1953
1954
1954
1954
1954
1955
1956
1957
1958
1960
1962
1964
1966
1968
1970
1972
1974
1976
1978
1980
1982
1984
1986
1988
1990
1992
1994
1996
1998
2000
2002
2004
2006
2008
2010
2012
2014
2016
2018
2020
2022
2024
2026
2027
2028
2029
2030
2031
2032
2032
2032
2032
2032
2032
2032
2032
2033
2034
2035
2036
2037
2038
2039
2040
2041
2042
2043
2044
2045
2047
2049
2051
2053
2055
2057
2059
2061
2063
2065
2067
2069
2071
2073
2075
2077
2079
2081
2083
2085
2087
2089
2091
2093
2095
2097
2099
2101
2103
2105
2107
2109
2111
2113
2115
2117
2119
2121
2123
2125
2127
2129
2131
2133
2135
2137
2139
2141
2143
2145
2147
2149
2151
2153
2155
2157
2159
2161
2163
2165
2167
2169
2171
2173
2174
2175
2176
2177
2178
2179
2180
2181
2182
2183
2184
2185
2186
2187
2188
2189
2190
2191
2192
2193
2194
2195
2196
2197
2198
2199
2200
2201
2202
2203
2204
2205
2206
2207
2208
2209
2210
2211
2212
2213
2214
2215
2217
2218
2219
2220
2222
2223
2224
2226
2228
2229
2230
2231
2232
2233
2234
2235
2236
2237
2238
2239
2240
2241
2242
2243
2244
2245
2247
2249
2251
2253
2255
2257
2259
2261
2263
2265
2267
2269
2271
2273
2275
2277
2279
2280
2281
2282
2283
2285
2287
2289
2291
2293
2295
2297
2299
2301
2303
2305
2307
2309
2311
2313
2315
2317
2319
2321
2323
2325
2327
2329
2331
2333
2335
2337
2339
2341
2343
2345
2347
2349
2351
2353
2355
2357
2359
2361
2363
2365
2367
2369
2371
2373
2375
2377
2378
2379
2380
2381
2382
2382
2382
2383
2384
2385
2386
2387
2388
2388
2388
2388
2388
2388
2388
2388
2388
2388
2388
2388
2388
2388
2388
2388
2388
2388
2388
2388
2388
2388
2388
2388
2388
2388
2388
2388
2389
2390
2391
2392
2393
2394
2395
2396
2397
2398
2399
2401
2403
2404
2405
2406
2407
2408
2410
2412
2413
2414
2415
2416
2417
2418
2420
2421
2422
2424
2425
2426
2427
2428
2429
2430
2431
2432
2433
2434
2435
2436
2437
2438
2439
2440
2441
2442
2443
2444
2445
2446
2447
2448
2450
2451
2452
2453
2454
2455
2457
2457
2457
2457
2457
2457
2457
2457
2457
2457
2457
2457
2457
2457
2457
2457
2457
2457
2457
2457
2457
2457
2457
2457
2457
2457
2457
2457
2458
2459
2459
2459
2459
2459
2459
2459
2459
2459
2459
2459
2459
2459
2459
2459
2459
2460
2460
2460
2461
2462
2462
2463
2464
2465
2466
2467
2468
2468
2468
2469
2470
2470
2470
2470
2470
2470
2470
2470
2471
2472
2473
2474
2475
2476
2477
2478
2479
2480
2481
2482
2483
2484
2485
2486
2487
2488
2489
2489
2489
2489
2489
2489
2489
2489
2489
2489
2489
2489
2489
2489
2489
2489
2489
2489
2489
2489
2489
2489
2489
2490
2490
2491
2492
2493
2494
2495
2495
2495
2495
2495
2495
2495
2495
2495
2495
2495
2495
2495
2495
2495
2495
2495
2495
2495
2495
2495
2495
2495
2495
2495
2495
2495
2495
2495
2495
2495
2495
2495
2495
2495
2495
2495
2495
2495
2495
2495
2495
2496
2497
2498
2498
2498
2498
2498
2498
2498
2499
2499
2499
2499
2499
2499
2499
2500