9
14
16
16
23
24
24
31
32
32
39
40
40
47
48
48
55
60
65
72
78
84
90
96
101
106
114
123
132
138
144
150
157
165
172
180
185
191
197
203
210
214
219
223
227
230
236
244
252
260
266
274
281
290
296
301
307
315
321
327
331
338
346
352
358
365
370
375
380
384
390
396
403
409
413
417
421
425
430
435
440
445
450
455
460
464
467
471
475
480
484
489
494
499
504
510
516
523
530
539
543
549
555
560
565
569
574
579
581
583
585
587
589
591
593
595
598
600
604
608
612
616
620
621
624
627
629
631
635
639
642
645
648
652
655
658
662
667
671
674
679
684
688
693
697
701
704
708
712
716
718
722
726
730
735
739
744
749
753
758
762
766
771
776
781
786
791
796
801
806
810
812
816
820
825
829
833
837
841
845
849
853
857
862
867
869
873
878
883
889
896
903
910
917
922
927
933
938
943
949
953
958
964
970
975
981
988
994
1000
1007
1011
1015
1020
1026
1032
1036
1040
1045
1051
1057
1063
1068
1072
1078
1085
1092
1098
1104
1111
1120
1127
1132
1140
1148
1157
1165
1172
1180
1187
1195
1201
1208
1214
1221
1227
1233
1239
1247
1252
1256
1260
1264
1269
1275
1282
1288
1292
1297
1303
1310
1317
1322
1328
1336
1344
1349
1355
1360
1365
1373
1381
1386
1391
1397
1405
1412
1419
1427
1433
1440
1446
1450
1455
1459
1465
1471
1477
1482
1488
1492
1495
1498
1503
1509
1515
1518
1521
1525
1528
1533
1538
1544
1549
1556
1562
1570
1577
1584
1591
1598
1604
1608
1613
1620
1626
1632
1637
1640
1645
1650
1654
1661
1665
1669
1672
1675
1679
1686
1692
1698
1702
1708
1715
1720
1723
1729
1734
1740
1744
1748
1753
1757
1760
1764
1768
1772
1775
1778
1782
1789
1795
1802
1806
1809
1813
1817
1821
1826
1831
1836
1839
1842
1848
1853
1857
1863
1869
1875
1879
1883
1887
1893
1899
1905
1909
1913
1915
1919
1923
1928
1933
1937
1942
1945
1949
1953
1959
1963
1968
1972
1974
1980
1984
1989
1993
1997
2002
2007
2012
2016
2021
2027
2031
2034
2036
2038
2040
2042
2044
2046
2048
2050
2052
2053
2053
2054
2054
2055
2057
2058
2058
2058
2058
2058
2058
2058
2058
2058
2058
2058
2058
2059
2060
2060
2060
2060
2060
2061
2061
2062
2063
2063
2064
2064
2064
2065
2066
2066
2066
2066
2066
2066
2066
2066
2066
2066
2066
2066
2066
2066
2066
2066
2066
2066
2066
2066
2066
2066
2066
2067
2067
2067
2067
2067
2067
2067
2067
2067
2068
2069
2069
2069
2069
2069
2069
2069
2069
2069
2069
2069
2069
2069
2069
2069
2069
2069
2069
2069
2069
2069
2069
2069
2069
2069
2070
2070
2074
2078
2082
2087
2091
2096
2101
2105
2111
2117
2121
2126
2130
2134
2138
2139
2140
2141
2141
