9
16
25
32
41
48
56
62
70
78
87
95
103
111
120
127
135
142
149
157
166
173
181
188
193
200
209
216
223
230
238
247
255
263
271
279
288
297
306
315
323
331
338
345
353
358
365
374
382
390
397
406
412
419
427
434
440
448
457
466
474
482
490
497
503
508
512
518
525
531
537
543
551
558
564
571
580
588
597
606
614
621
629
635
639
646
654
662
670
678
686
693
700
707
713
719
726
733
739
746
753
760
769
776
783
790
798
804
812
819
826
832
836
842
848
855
863
872
881
890
898
905
911
918
926
934
943
952
959
966
974
982
991
1000
1008
1013
1018
1024
1030
1034
1036
1043
1050
1056
1063
1071
1079
1087
1096
1105
1113
1121
1129
1137
1145
1153
1161
1168
1176
1185
1192
1199
1206
1214
1222
1230
1238
1247
1255
1263
1271
1280
1289
1297
1304
1310
1316
1323
1330
1338
1345
1352
1359
1368
1377
1385
1394
1403
1412
1421
1430
1439
1448
1457
1466
1473
1480
1487
1494
1499
1505
1510
1516
1521
1527
1530
1533
1539
1546
1553
1561
1569
1578
1586
1594
1602
1610
1618
1627
1636
1645
1653
1661
1669
1676
1685
1693
1699
1703
1706
1711
1718
1726
1734
1742
1750
1758
1767
1775
1782
1788
1795
1798
1802
1808
1814
1821
1827
1834
1842
1849
1856
1863
1870
1876
1882
1887
1891
1895
1899
1903
1906
1910
1914
1917
1921
1926
1931
1936
1941
1947
1953
1959
1966
1972
1977
1982
1989
1996
2003
2011
2019
2025
2032
2037
2042
2047
2051
2056
2061
2066
2072
2077
2081
2086
2090
2094
2098
2102
2106
2111
2115
2121
2127
2134
2138
2143
2149
2155
2157
2160
2163
2167
2170
2175
2179
2183
2188
2194
2200
2207
2214
2221
2228
2235
2241
2247
2254
2260
2265
2270
2275
2280
2284
2290
2297
2305
2309
2315
2321
2327
2333
2339
2345
2348
2353
2358
2361
2365
2370
2375
2380
2385
2391
2397
2404
2410
2415
2420
2425
2430
2436
2439
2442
2445
2449
2453
2457
2459
2463
2466
2468
2470
2473
2475
2478
2480
2482
2486
2488
2491
2494
2495
2498
2499
2500